#{"t_start": 1673972143.9507928, "env_id": "sokoban-turtle-v0"}
r,l,t
-42.0,49,3.561955
-10.0,45,5.310974
-14.0,49,29.839143
-8.0,54,46.458142
-14.0,42,48.471341
-16.0,54,125.786536
-5.0,42,127.290377
-20.0,51,129.774146
5.0,55,164.22304
2.0,41,167.776653
6.0,51,170.978695
10.0,42,172.015942
-2.0,48,174.67776
-18.0,53,204.739132
8.0,43,231.959291
-2.0,44,233.805084
-4.0,38,236.677524
-10.0,78,239.383538
6.0,42,241.259797
12.0,39,258.023471
-2.0,37,259.383479
-14.0,51,267.543024
-34.0,68,270.187033
-12.0,48,272.17313
-18.0,36,324.144655
-5.0,49,326.551414
-3.0,62,329.479842
-4.0,32,331.430453
-26.0,53,333.592056
-8.0,41,376.717258
2.0,45,379.019033
-6.0,41,381.308493
-14.0,69,384.03415
0.0,33,385.145583
-15.0,47,425.900549
2.0,39,427.482689
-18.0,39,429.214962
4.0,49,431.120276
-16.0,51,434.62159
-10.0,39,484.180798
4.0,41,582.830335
-4.0,39,585.435757
-26.0,58,587.853576
-6.0,38,800.984195
-10.0,36,804.25979
6.0,57,1179.161763
-4.0,32,1180.356638
-4.0,57,1261.823201
7.0,45,1264.146746
0.0,49,1266.759474
-6.0,41,1268.298578
4.0,48,1270.276762
-10.0,33,1442.765785
-2.0,40,1504.129838
-4.0,51,1506.310495
-4.0,39,1507.952395
-9.0,33,1573.140762
6.0,47,1575.357213
-4.0,33,1576.761939
0.0,30,1578.910306
-14.0,46,1581.165032
-4.0,44,1685.097228
-24.0,60,1688.217695
-6.0,42,1690.244876
-2.0,43,1692.683711
2.0,48,1702.262551
2.0,45,1705.522697
6.0,52,1836.00339
6.0,49,1837.911201
2.0,47,1840.408993
-8.0,49,1857.630155
-6.0,31,1860.089232
-1.0,46,1901.686066
-2.0,42,2008.5965
-5.0,49,2059.168583
12.0,48,2113.914437
-10.0,52,2116.442801
-8.0,51,2281.397662
2.0,43,2422.427368
0.0,50,2424.811312
-2.0,39,2463.290405
2.0,42,2464.962864
-12.0,48,2468.625423
8.0,60,2471.939958
-8.0,48,2474.900307
14.0,46,2581.113747
0.0,53,2796.80579
0.0,39,2799.200608
13.0,34,2799.661783
4.0,47,3015.400779
-5.0,55,3018.630646
-8.0,31,3019.816379
-6.0,41,3022.154224
15.0,47,3025.462769
-4.0,43,3165.941137
-8.0,44,3384.454411
0.0,46,3387.006044
-2.0,45,3451.224837
14.0,37,3669.241867
-4.0,43,3671.889369
3.0,35,3855.94905
0.0,47,3902.435469
-6.0,37,3991.697618
4.0,40,3994.159868
-7.0,33,3996.990254
-13.0,52,4038.51673
2.0,39,4249.420966
-5.0,35,4453.462514
-4.0,45,4755.739316
6.0,58,5129.337237
-14.0,53,5983.429768
7.0,47,6089.990993
0.0,54,6170.326753
-8.0,44,6173.698905
-14.0,47,6177.234788
-8.0,50,6180.331633
-8.0,52,6183.69792
-1.0,48,6186.675099
-6.0,45,6189.320078
-5.0,53,6191.870335
-2.0,50,6301.060089
-7.0,50,6304.932153
-15.0,36,6307.772904
-6.0,31,6309.424342
-10.0,40,6311.150502
4.0,47,6342.464605
4.0,41,6460.972562
-2.0,45,6588.167403
-4.0,39,6810.648692
2.0,39,7026.337653
2.0,33,7028.55314
-6.0,54,7264.501361
2.0,36,7273.887925
-2.0,45,7276.800845
-7.0,43,7278.394219
12.0,54,7607.688816
4.0,54,7716.715265
-13.0,59,8302.183742
17.0,48,8486.644935
11.0,46,8665.683948
9.0,55,8668.622778
1.0,54,8672.004453
16.0,31,8705.581678
-3.0,51,8707.913383
-10.0,36,8745.07397
-4.0,39,9753.956375
-2.0,42,9755.855193
-4.0,45,9757.919883
2.0,34,9760.17584
-9.0,40,9762.959234
-4.0,41,9766.005574
-2.0,39,9815.057664
-5.0,44,9817.758748
0.0,55,9820.785904
-6.0,50,9823.672912
12.0,37,9825.494096
-10.0,42,9828.712529
-8.0,40,9831.378177
4.0,31,9870.615398
8.0,44,10011.154383
4.0,35,10334.081255
-2.0,49,10749.004271
0.0,37,10750.268526
11.0,43,10803.46459
-9.0,62,10845.627354
0.0,43,10849.857835
2.0,61,10853.467048
-13.0,48,10856.258781
-2.0,43,10858.378513
-2.0,52,10862.480728
2.0,43,11074.581872
0.0,40,11260.524981
-14.0,45,11345.298615
8.0,34,11347.248353
-2.0,36,11546.230055
3.0,38,12055.006214
-3.0,43,12058.096149
-4.0,36,12065.131758
12.0,49,12067.023336
-11.0,52,12070.327233
2.0,42,12072.299567
-3.0,60,12285.46835
6.0,34,12287.472785
-6.0,38,12365.909941
12.0,46,12543.664241
5.0,39,12799.173876
-8.0,53,13011.517194
-5.0,42,13013.930948
6.0,53,13016.461039
2.0,58,13056.451298
0.0,39,13059.180531
-10.0,36,13061.944856
10.0,49,13065.244415
8.0,29,13066.905729
7.0,44,13069.563352
0.0,34,13188.91122
1.0,61,13191.652473
4.0,49,13315.63218
4.0,44,13318.914438
2.0,46,13614.793114
-8.0,44,14178.174196
8.0,45,14181.435807
-12.0,32,14395.995573
0.0,40,14398.990756
-3.0,38,14465.813628
-4.0,38,14653.108971
4.0,55,14748.997072
16.0,38,14843.715308
11.0,47,14929.405461
3.0,41,15058.988196
2.0,55,15062.798692
-1.0,61,15309.710322
6.0,46,15311.866333
-3.0,48,15313.859416
0.0,40,15315.079077
2.0,32,15462.962588
0.0,34,15766.836171
5.0,37,16133.49217
1.0,35,16135.781755
-1.0,57,16191.630783
15.0,55,16373.375705
4.0,40,16376.157634
11.0,44,16379.411897
2.0,47,16382.424307
2.0,34,16383.790168
6.0,37,16385.906335
-4.0,48,16892.400019
2.0,42,16894.15834
0.0,36,17104.296988
14.0,39,17105.865637
0.0,39,17108.052745
0.0,47,17576.408702
-12.0,43,17655.517411
-4.0,38,17656.759973
17.0,49,17658.687989
2.0,65,17999.990997
10.0,60,18482.291052
4.0,43,18484.307453
0.0,40,18486.3448
2.0,46,18558.141324
-6.0,50,18614.567699
-4.0,45,18616.637709
10.0,37,18722.552843
1.0,48,18765.565263
0.0,36,18768.786382
-2.0,39,18824.038574
14.0,47,18879.745516
-4.0,37,18881.62252
0.0,52,19020.117258
8.0,33,19163.156248
12.0,40,19165.292859
3.0,38,19270.245392
4.0,49,19274.259368
2.0,38,19339.242651
8.0,50,19825.936353
8.0,57,19856.803927
-8.0,52,19982.388522
2.0,35,20030.267146
-2.0,46,20078.523814
5.0,55,20118.099022
1.0,47,20473.9536
10.0,43,20648.975816
0.0,48,20651.14026
-4.0,36,20688.185311
0.0,34,20690.81471
5.0,40,20693.471233
8.0,38,20695.121818
15.0,39,20810.99412
7.0,55,20814.078383
0.0,56,20818.30824
-10.0,49,20821.903413
6.0,53,20825.705786
6.0,42,21050.056944
8.0,40,21090.598611
8.0,32,21336.468166
2.0,49,21338.877195
8.0,42,21533.453859
6.0,26,21796.333706
-10.0,33,21828.291834
4.0,44,21830.923784
11.0,51,21837.133468
-8.0,46,21898.092688
12.0,43,21900.094842
-4.0,28,21902.293398
2.0,43,21904.320723
0.0,55,21914.131649
-8.0,42,22014.228067
14.0,46,22066.021102
12.0,44,22458.0541
-2.0,51,22461.482756
8.0,49,22520.645168
0.0,52,22637.762285
19.0,38,22765.442709
14.0,44,22816.28672
4.0,43,22819.3483
4.0,35,23144.15638
9.0,53,23168.974761
-10.0,60,23215.718768
4.0,43,23218.737174
-3.0,37,23221.66398
17.0,41,23223.93342
1.0,53,23227.132802
6.0,35,23228.769281
13.0,45,23232.057439
0.0,34,23234.407321
-2.0,52,23237.305815
0.0,44,23239.995128
2.0,34,23242.419897
-6.0,48,23245.438829
-10.0,37,23290.736774
2.0,34,23292.454356
1.0,30,23293.999274
-6.0,35,23296.66115
-6.0,37,23299.391441
-4.0,48,23491.457541
0.0,40,23687.206482
0.0,47,23854.299599
-4.0,25,24079.17951
8.0,41,24144.10518
-6.0,54,24147.401147
0.0,35,24194.736155
-2.0,44,24541.52989
4.0,53,24546.056731
6.0,48,24910.886731
2.0,47,24913.929141
-2.0,44,24915.961374
-8.0,87,25128.75733
-8.0,47,25131.097738
-4.0,33,25133.032169
2.0,30,25180.338591
8.0,42,25219.759451
7.0,54,25223.55881
8.0,42,25268.713748
-13.0,55,25270.670174
-2.0,47,25273.284215
0.0,39,25286.715109
-2.0,35,25329.130559
-2.0,54,25332.414091
0.0,54,25335.8346
2.0,43,25338.031033
-4.0,40,25401.292253
-4.0,38,25403.7084
20.0,49,25466.264219
12.0,49,25468.620342
0.0,44,25470.943331
2.0,40,25512.291116
-7.0,34,25515.019877
-10.0,42,25519.04748
12.0,35,25522.306014
2.0,40,25525.65594
0.0,28,25526.777064
0.0,40,25604.124471
8.0,45,25668.396982
0.0,61,25905.163667
-2.0,28,25959.632788
4.0,52,26284.769174
-4.0,40,26342.030254
2.0,53,26505.137894
-2.0,31,26561.953769
-10.0,36,26563.513787
0.0,39,26566.248084
11.0,44,26722.731512
12.0,38,26725.056613
-1.0,32,26727.62649
-4.0,50,26767.32021
12.0,49,26771.287203
0.0,54,26775.321939
0.0,58,26778.588546
-6.0,36,26780.464725
2.0,56,27166.700872
-2.0,46,27169.359387
2.0,52,27171.974451
-2.0,41,27173.495868
2.0,40,27176.500614
0.0,50,27179.722494
2.0,38,27181.567926
0.0,36,27294.170354
2.0,47,27416.1887
0.0,35,27476.796625
0.0,40,27479.755111
-5.0,54,27502.942656
-6.0,64,27534.637497
8.0,37,27676.969658
-8.0,35,27685.102112
12.0,60,27984.004226
8.0,41,28281.932782
-2.0,49,28846.103252
-2.0,34,28904.041605
0.0,51,28907.514014
-2.0,51,28910.10951
5.0,43,28969.716727
16.0,47,29330.269934
-3.0,37,29775.700322
-5.0,49,29817.961993
4.0,38,29875.492389
-4.0,47,29963.41837
8.0,48,30132.09216
-10.0,31,30214.993804
4.0,41,30782.07944
5.0,53,30853.917353
0.0,32,30855.399495
-4.0,61,30935.333224
-2.0,46,30938.469526
-12.0,47,30941.167385
-2.0,45,31018.534596
0.0,54,31088.673617
5.0,42,31091.785532
-6.0,42,31131.635685
2.0,44,31135.275353
4.0,46,31137.829104
-2.0,39,31272.802788
4.0,55,31465.350666
7.0,37,31469.558044
0.0,41,31568.045777
2.0,42,31571.759584
8.0,41,31790.064812
2.0,41,31848.773434
18.0,39,31851.897444
4.0,31,31918.323768
-3.0,35,31921.369013
2.0,41,31924.357776
2.0,50,31927.528468
-6.0,46,31930.037321
-3.0,30,31966.064214
2.0,36,31969.234368
2.0,29,31971.711539
2.0,41,31974.633798
14.0,45,32018.875099
0.0,37,32021.847333
4.0,40,32607.419856
4.0,42,32690.358523
4.0,40,33042.618949
0.0,53,33045.369795
2.0,32,33127.009609
8.0,46,33130.814204
-2.0,33,33132.55903
0.0,41,33209.299271
-9.0,41,33284.214178
0.0,36,33288.411556
4.0,26,33290.308679
4.0,45,33388.531768
2.0,43,33992.538527
-6.0,31,34511.192736
-4.0,51,34514.352423
20.0,50,34889.116279
5.0,47,34936.322102
0.0,41,34993.243386
4.0,40,34995.947793
3.0,51,34999.921815
0.0,38,35138.348706
2.0,51,35263.226813
7.0,56,35320.837018
2.0,47,35560.862905
0.0,34,35788.463192
-6.0,47,35791.003717
2.0,52,35794.897094
-2.0,45,35797.931926
9.0,51,35979.248214
5.0,24,36268.690496
6.0,61,36344.639874
8.0,48,36424.086035
7.0,55,36556.29091
-3.0,52,36560.576528
8.0,42,36769.541131
0.0,41,36772.737725
-2.0,34,37008.617842
5.0,56,37291.506636
4.0,63,37296.825181
4.0,42,37299.52937
-4.0,39,37362.862702
4.0,68,37440.745936
8.0,45,37615.89127
-2.0,38,37617.995912
-4.0,44,37712.849099
2.0,42,38657.415308
-2.0,53,38794.132999
4.0,41,39012.574849
-2.0,32,39064.874512
-4.0,49,39067.148619
5.0,42,39217.367167
16.0,50,39219.828082
2.0,43,39221.709012
5.0,54,39225.83526
4.0,57,39229.753409
3.0,45,39270.51567
0.0,30,39308.027141
-2.0,56,39311.466338
5.0,33,39312.806797
11.0,42,39549.625544
12.0,40,39641.041726
0.0,43,39764.904252
2.0,40,39821.349935
4.0,55,39825.243679
-4.0,51,39909.322389
4.0,45,39942.893254
0.0,44,40181.17725
2.0,35,40368.472526
2.0,41,40501.966197
4.0,36,40503.738071
14.0,50,40553.686574
-7.0,51,40557.124783
4.0,42,40559.79474
-1.0,48,40742.130935
-2.0,47,40745.242536
4.0,47,40747.758117
8.0,44,40825.374955
6.0,53,40828.086291
14.0,61,40831.510365
12.0,53,41203.479398
18.0,45,41368.214822
4.0,68,41372.341091
0.0,52,41375.237041
12.0,63,41415.96071
10.0,36,41418.270739
-4.0,56,41463.672284
0.0,37,41465.696809
-2.0,42,41468.190208
5.0,58,41471.311065
0.0,43,41523.123592
4.0,55,42011.876139
0.0,48,42102.415896
4.0,47,42105.542923
6.0,32,42107.214342
2.0,60,42411.442791
6.0,40,42697.689876
4.0,41,42749.171077
10.0,56,43244.26287
13.0,41,43317.88342
8.0,46,43320.522259
2.0,33,43322.30423
13.0,43,43466.507025
4.0,64,43471.001717
-4.0,90,43567.819652
8.0,38,43667.602758
4.0,47,43828.762857
-6.0,40,43831.52718
2.0,40,43888.659512
-3.0,50,43918.134848
-2.0,41,44507.106258
2.0,55,44958.473793
-8.0,36,45040.594008
9.0,43,45267.206794
18.0,61,45498.145211
-4.0,41,45577.593789
0.0,60,45581.852958
2.0,64,45644.89686
10.0,31,45685.719137
-2.0,41,45736.239447
8.0,42,45813.960611
-4.0,41,45816.111772
1.0,59,46069.05455
-2.0,81,46397.995708
-6.0,43,46401.253669
11.0,49,46614.003071
6.0,33,46843.607772
-10.0,51,47006.70147
0.0,44,47009.644372
-4.0,59,47102.111436
17.0,50,47238.127236
-2.0,47,47391.462033
12.0,41,47395.996174
8.0,62,47508.686023
-2.0,50,47637.235033
11.0,64,47809.312442
-2.0,65,47967.096756
13.0,63,48293.675611
4.0,35,48454.847955
16.0,55,48457.824694
2.0,45,48592.388591
6.0,59,48776.790331
-12.0,81,48945.424759
12.0,54,48999.990983
8.0,57,49004.158138
6.0,64,49009.378835
14.0,49,49012.970575
-4.0,61,49078.610675
20.0,66,49168.119699
22.0,45,49171.613075
4.0,69,49176.012177
8.0,44,49178.631317
5.0,48,49181.979487
0.0,58,49261.394752
6.0,61,49342.083915
7.0,56,50171.593074
12.0,55,50278.799568
11.0,56,50339.576688
0.0,40,50502.282252
8.0,62,50584.049262
3.0,53,50794.917836
9.0,43,50925.75423
-6.0,47,50941.203568
6.0,58,51023.462767
4.0,51,51105.604328
12.0,40,51465.617907
5.0,62,51764.151548
6.0,48,51780.934634
2.0,64,51867.224143
18.0,63,51899.215016
7.0,52,52047.133621
8.0,39,52147.400315
-6.0,49,52150.724473
20.0,55,52182.40855
5.0,48,52185.245152
11.0,72,52707.211618
-4.0,47,53037.870467
-8.0,48,53490.06877
28.0,48,53610.422014
14.0,40,53751.805111
-12.0,66,54078.082493
0.0,55,54080.842206
3.0,44,54083.718285
0.0,69,54089.228583
6.0,49,54176.502519
4.0,57,54252.240019
7.0,44,54254.908739
6.0,47,54375.103326
13.0,49,54557.669924
-4.0,33,54559.850303
14.0,53,54562.55061
-4.0,48,54596.307531
12.0,72,54601.083181
-2.0,49,54605.405251
7.0,41,54607.548072
2.0,56,54787.007205
15.0,55,54904.697325
5.0,48,54956.313227
6.0,48,55004.197722
21.0,40,55078.079046
0.0,58,55315.418055
2.0,85,55320.805115
9.0,48,55323.601429
-4.0,39,55696.714304
16.0,75,55770.224801
0.0,46,56151.813598
0.0,30,56343.263652
6.0,48,56418.437491
20.0,56,56420.13074
8.0,80,56622.453727
4.0,58,56758.742826
2.0,46,56867.94372
12.0,78,56921.702822
4.0,67,57111.362655
-2.0,52,57207.288332
-8.0,42,57350.537327
17.0,59,57536.294562
6.0,53,57745.511569
17.0,58,57749.179331
12.0,67,57898.919058
-2.0,58,58073.695663
0.0,48,58518.209874
14.0,46,58570.117057
2.0,46,58867.729002
4.0,60,59021.170079
30.0,83,59618.068766
6.0,40,59620.608611
2.0,73,59664.087698
8.0,48,59666.77465
10.0,53,59669.8428
7.0,85,59684.173397
0.0,43,59686.548217
-8.0,45,59688.524733
12.0,86,59844.561575
11.0,74,59871.560976
12.0,57,60246.842282
11.0,68,60329.715382
2.0,44,60390.660777
2.0,52,60477.514559
12.0,45,60479.659251
-10.0,54,60732.891459
10.0,57,61209.282025
-4.0,61,61313.425959
2.0,71,61316.381152
8.0,49,61566.270881
4.0,96,61890.044235
-11.0,59,61909.682921
-4.0,57,61913.748292
-2.0,56,61918.164422
4.0,42,61920.742903
3.0,76,61926.027884
4.0,36,61928.772508
-4.0,41,62031.366701
13.0,58,62034.660581
12.0,74,62098.431463
-2.0,43,62387.280974
12.0,44,62389.695405
3.0,44,62438.14403
20.0,61,62487.160507
13.0,45,62491.158864
-2.0,57,62495.198767
2.0,48,62498.136862
8.0,87,62606.958248
4.0,44,62609.681822
10.0,58,62680.683657
12.0,34,62683.22195
6.0,49,62761.039849
7.0,61,62858.28183
10.0,49,62920.470891
-2.0,64,63129.154587
24.0,61,63392.892775
-1.0,61,63483.609246
4.0,53,63782.53071
-4.0,40,63834.502636
14.0,59,63935.466907
5.0,55,64035.429365
0.0,83,64448.248602
4.0,83,64554.362419
0.0,74,64558.530092
16.0,65,64725.246704
-8.0,47,64727.757812
4.0,80,64923.564618
10.0,50,64926.569295
-2.0,46,64928.652543
10.0,51,64931.51811
-8.0,48,64933.791116
24.0,42,64936.086182
7.0,48,64939.774929
-1.0,57,65138.221793
10.0,54,65381.245156
12.0,74,65387.545687
-2.0,75,65533.558699
0.0,44,65825.648165
0.0,40,66484.588711
-6.0,40,66665.679861
0.0,35,66706.9867
-2.0,81,66771.779955
0.0,41,67129.559349
4.0,57,67213.648122
5.0,57,67566.32181
10.0,50,67866.019212
4.0,40,67869.19458
6.0,40,67871.581118
10.0,47,67915.684813
-1.0,49,67917.522121
6.0,59,67920.745212
22.0,74,68215.527007
6.0,55,68314.614116
5.0,60,68317.120499
11.0,84,68780.748038
14.0,81,68784.378903
14.0,64,68789.062133
12.0,58,68792.364976
4.0,68,69112.058776
7.0,41,69115.26443
0.0,58,69142.330585
4.0,99,69355.903764
15.0,61,69476.102278
8.0,56,69660.500702
2.0,47,69915.29476
9.0,81,69985.945386
-6.0,51,70019.539209
-6.0,102,70303.208713
11.0,52,70335.253175
-10.0,54,70457.217444
4.0,64,70561.056168
10.0,51,70640.349138
2.0,51,70643.653951
0.0,72,70666.237412
8.0,62,70868.95838
24.0,53,70974.161212
2.0,46,70977.976189
0.0,47,71133.565851
2.0,42,71136.564974
7.0,65,71140.733243
4.0,53,71182.692965
2.0,64,71186.700789
-5.0,46,71261.14853
18.0,75,71265.448359
-4.0,55,71360.346492
-2.0,57,71509.747957
0.0,68,71513.256352
0.0,43,71835.11222
20.0,49,72023.262366
0.0,71,72231.794807
4.0,43,72233.987917
0.0,56,72237.589762
14.0,60,72444.200638
6.0,75,72449.567604
4.0,49,72465.842903
3.0,53,72468.475226
10.0,62,72691.804485
12.0,103,72735.814142
6.0,43,72816.858469
7.0,43,73019.921613
4.0,79,73107.90396
15.0,64,73231.640197
14.0,65,73897.196761
8.0,52,73900.817202
15.0,47,73903.781816
-2.0,62,73971.218926
3.0,57,73975.07825
3.0,49,73978.796952
5.0,83,73984.367663
12.0,64,74024.643206
2.0,47,74200.898026
0.0,52,74263.225708
-2.0,51,74597.075186
2.0,49,74599.762684
-2.0,76,75257.280812
4.0,52,75588.447511
12.0,67,75787.196451
8.0,52,75790.423366
9.0,60,75925.431999
0.0,60,76035.353867
13.0,36,76037.841796
6.0,54,76040.902417
2.0,56,76251.05927
14.0,64,76291.127896
9.0,76,76294.997136
0.0,49,76297.395279
3.0,89,76486.891096
16.0,78,76650.862931
5.0,66,76654.907669
0.0,35,76776.882739
4.0,41,76919.281741
5.0,105,76997.037241
24.0,43,77186.655071
-7.0,73,77594.138896
-4.0,58,77691.239179
23.0,64,77735.742984
6.0,64,77845.535892
4.0,50,77946.001958
14.0,103,78084.674729
17.0,65,78575.258181
0.0,58,78624.060218
12.0,87,78673.990642
-6.0,74,79392.686769
0.0,43,79428.714037
-6.0,58,79466.455189
-2.0,77,79550.707204
10.0,62,79555.016266
4.0,77,79779.924723
0.0,52,79860.488769
16.0,59,79938.074305
-2.0,69,80124.336568
3.0,53,80211.500176
2.0,42,80345.06104
8.0,81,80480.195759
2.0,48,80694.970398
-6.0,89,80827.896185
4.0,63,80832.499033
0.0,69,81067.062301
16.0,69,81181.794263
-8.0,65,81185.730672
29.0,66,81343.512339
2.0,48,81346.727734
8.0,69,81417.157017
11.0,60,81524.024359
2.0,48,81643.898755
6.0,67,81648.163947
0.0,87,81831.633057
14.0,53,81834.441113
11.0,62,81838.183523
0.0,77,81842.699801
3.0,55,81982.546069
6.0,77,82068.916382
8.0,66,82073.247395
8.0,68,82092.844004
-4.0,72,82144.28376
10.0,63,82148.160272
7.0,48,82150.903886
10.0,73,82292.921024
-4.0,38,82411.146381
4.0,102,82417.461978
7.0,59,82419.594509
5.0,60,82422.214012
10.0,61,82576.181735
0.0,102,83164.349794
110.0,101,83737.13452
-4.0,58,83788.556154
11.0,53,83866.599795
0.0,54,83874.980501
21.0,90,84222.363006
8.0,46,84225.165918
10.0,67,84490.679459
52.0,30,84638.914366
0.0,73,84701.707065
-2.0,73,84837.621624
0.0,56,84884.765312
6.0,42,84922.622335
6.0,63,85133.975462
10.0,80,85717.066865
4.0,49,85855.132722
8.0,76,85859.289183
5.0,76,85862.969877
6.0,99,85868.743014
15.0,52,85975.932926
-2.0,57,86334.107983
6.0,102,86352.549804
18.0,48,86502.204819
18.0,83,86566.41448
10.0,64,86677.984789
4.0,58,86681.265355
6.0,80,86956.16193
3.0,62,86959.436032
16.0,50,87207.541406
2.0,49,87288.273209
15.0,92,87569.792073
7.0,65,87832.14778
0.0,90,88298.574868
12.0,133,88598.476476
-2.0,67,88846.824618
25.0,65,88850.436092
4.0,57,88853.152888
10.0,90,89541.746328
5.0,92,89666.956413
0.0,50,89670.929042
17.0,72,89724.217901
0.0,73,89784.812172
24.0,42,90025.489839
1.0,62,90127.818767
22.0,53,90230.735014
0.0,71,90424.317204
6.0,42,90601.130875
4.0,69,90604.300688
2.0,43,90723.546416
4.0,53,90727.749373
-3.0,68,91058.506223
13.0,121,91445.380058
4.0,45,91770.770885
14.0,78,91972.767847
3.0,56,92061.041261
0.0,56,92087.853539
14.0,89,92093.506306
8.0,74,92196.035215
18.0,55,92392.100679
6.0,47,92520.278241
4.0,93,92623.74216
12.0,86,92763.071883
-6.0,57,93042.51523
10.0,91,93114.176326
6.0,75,93664.161788
-4.0,53,94169.275506
3.0,48,94469.902683
5.0,104,94592.000579
7.0,73,94901.94281
0.0,92,96001.137061
-2.0,61,96004.711423
0.0,41,96095.697476
3.0,35,96097.358605
4.0,65,96100.179908
19.0,78,96307.125113
4.0,63,96516.064862
13.0,63,96608.117253
12.0,66,96642.326519
8.0,53,96773.603112
-3.0,91,96779.0532
8.0,40,96782.340895
24.0,40,96784.182206
-6.0,88,96859.568315
4.0,61,96863.543106
4.0,95,96938.108995
2.0,45,96939.795771
5.0,67,97184.2431
3.0,84,97681.587987
10.0,72,98078.911279
3.0,52,98082.4202
12.0,77,98397.939542
12.0,61,98806.159552
8.0,98,98959.315953
18.0,63,99471.65766
12.0,70,99476.273803
3.0,77,99681.108004
19.0,45,99814.550249
13.0,63,99819.110159
18.0,70,99919.56669
13.0,83,100175.411128
1.0,106,100182.429394
10.0,108,100637.77889
-2.0,53,100899.389903
2.0,49,100901.663266
4.0,54,100905.08617
22.0,87,100909.41571
17.0,89,100937.408921
0.0,60,100963.855903
11.0,57,101073.210641
2.0,45,101123.104926
8.0,61,101139.067468
0.0,67,101279.7519
8.0,77,101490.549264
6.0,60,101495.131115
24.0,141,102209.186673
0.0,66,102368.005087
2.0,45,102404.228704
-4.0,31,102613.878979
8.0,84,102620.067389
3.0,91,102712.065178
22.0,124,102850.425176
9.0,64,103108.705195
11.0,47,103149.588177
22.0,38,103179.659907
15.0,78,103367.35349
0.0,59,103733.065487
7.0,65,104166.8493
0.0,93,104469.912128
36.0,81,104474.962161
4.0,66,104479.208962
21.0,67,104576.157632
10.0,47,104687.86537
7.0,109,104836.893767
16.0,63,105249.964137
20.0,42,105252.660427
-4.0,97,105482.827988
15.0,78,105930.747382
8.0,89,106069.089427
-6.0,52,106322.477646
11.0,70,106538.876067
18.0,56,106541.536776
8.0,62,106583.441966
11.0,59,106777.617105
2.0,69,106987.627602
22.0,77,107060.275799
2.0,62,107160.391842
8.0,72,107271.895669
15.0,157,107557.65618
-2.0,67,108016.084275
11.0,46,108145.773273
0.0,50,108356.783001
-2.0,116,108570.435374
7.0,50,108574.036826
18.0,87,108580.510206
4.0,124,108837.791256
2.0,89,108903.41807
14.0,80,109277.899503
25.0,73,110253.99356
-4.0,71,110358.805848
8.0,95,110531.483285
-1.0,66,110535.807817
-6.0,75,110541.051998
0.0,74,110737.929699
30.0,83,110862.522598
2.0,70,110969.337336
16.0,75,110995.431013
5.0,114,111331.904871
14.0,60,111446.798529
12.0,94,111472.821622
-2.0,84,111540.024582
8.0,66,111723.089525
10.0,75,111725.918784
2.0,58,111729.175857
17.0,49,111732.324024
0.0,57,112190.5086
5.0,52,112322.995503
-2.0,81,112339.026946
9.0,68,112556.730074
2.0,102,112706.598928
18.0,70,112709.470128
29.0,59,112888.969198
22.0,66,113091.485037
7.0,73,113144.427136
4.0,105,113203.426199
-2.0,65,113262.271623
7.0,82,113432.838775
-14.0,72,113721.06564
12.0,108,113752.858026
2.0,84,113901.96366
6.0,69,114093.351592
1.0,105,114398.426338
2.0,88,114708.912997
12.0,74,114713.539478
9.0,65,114797.976446
6.0,199,114992.82581
19.0,89,115032.18993
17.0,80,115110.894525
9.0,50,115113.548524
9.0,64,115311.382544
24.0,100,115317.729724
20.0,93,115698.716405
6.0,76,115995.223505
10.0,85,116169.615836
-2.0,41,116236.906014
-4.0,77,116994.167717
30.0,122,117463.257462
-6.0,84,117899.361797
11.0,73,118287.245921
20.0,59,118463.157233
5.0,93,118497.025887
1.0,56,118516.854456
18.0,56,118576.877338
0.0,69,118580.093408
4.0,83,118822.347483
14.0,74,118877.353611
0.0,60,118944.654511
-4.0,134,118973.863956
28.0,97,119040.354171
7.0,88,119330.567673
14.0,71,119656.481595
16.0,134,119873.102205
4.0,89,119907.109107
-12.0,66,119910.244137
-6.0,100,120071.165166
29.0,98,120084.828821
0.0,89,120189.12587
4.0,68,120440.413789
35.0,135,120783.688982
20.0,113,120896.049856
0.0,51,121424.816468
16.0,75,121429.068613
10.0,83,121452.95137
6.0,98,121458.12539
23.0,100,121464.385715
3.0,79,121666.028651
-8.0,92,122041.011389
4.0,90,122179.164454
0.0,64,122236.573975
5.0,147,122302.665358
6.0,102,122328.740605
9.0,120,122386.234331
10.0,92,122488.965789
14.0,87,122563.021381
4.0,77,122743.057275
5.0,97,122961.872585
6.0,82,122965.949763
3.0,103,123239.289912
17.0,77,123293.168089
7.0,69,123626.889663
-3.0,69,123838.239603
10.0,51,123840.911923
10.0,81,124004.747639
4.0,80,124009.424731
6.0,45,124237.927043
23.0,87,124241.38309
11.0,84,124604.904899
4.0,56,125267.908491
-7.0,89,125778.462003
2.0,39,125825.192438
13.0,54,125827.692825
5.0,97,126076.704426
0.0,88,126108.618646
4.0,72,126113.9322
10.0,67,126117.362992
2.0,95,126234.083443
17.0,49,126351.058005
23.0,73,126780.046877
8.0,95,126785.15737
4.0,67,126934.774703
16.0,53,126937.661838
-2.0,55,126941.212075
15.0,63,127030.157403
4.0,76,127035.265978
4.0,101,127222.285328
10.0,125,127408.349805
2.0,147,127793.889011
10.0,52,127823.96904
13.0,107,127829.669393
6.0,100,128253.531838
-4.0,157,128926.049838
16.0,122,129249.329568
2.0,199,130004.999284
5.0,112,130121.002701
20.0,148,130614.942323
2.0,107,130658.255321
1.0,92,130664.54762
1.0,115,130856.140012
13.0,106,130899.232775
2.0,72,130978.014381
16.0,101,131013.956828
2.0,89,131019.47158
10.0,73,131229.995425
9.0,53,131277.636858
5.0,110,131477.947847
10.0,68,131481.588457
6.0,82,131766.452322
-9.0,121,132040.217204
6.0,128,132228.582533
8.0,87,132232.672939
-4.0,149,132316.323583
4.0,138,132444.187531
11.0,72,132588.529818
17.0,56,132647.443254
12.0,56,132802.012803
-3.0,144,133204.140979
10.0,91,133346.463396
20.0,114,133442.536723
2.0,129,133449.443828
20.0,110,133639.579552
6.0,120,133892.51376
4.0,101,134007.487484
14.0,88,134017.698949
-2.0,137,134422.377006
6.0,63,134593.003332
2.0,82,134899.82184
2.0,116,135128.066946
34.0,77,135289.149981
10.0,117,135394.43615
32.0,114,135795.340765
20.0,71,135965.681242
-14.0,70,135968.878255
12.0,95,135973.774389
2.0,73,135977.427379
-6.0,96,136009.290537
8.0,205,136097.074297
3.0,101,136280.234086
4.0,267,136463.871997
0.0,124,136731.606707
-1.0,116,136783.746699
20.0,94,136984.733872
2.0,75,137378.106503
6.0,110,137682.497904
6.0,124,138028.028042
2.0,102,138706.505642
-1.0,128,139059.112104
9.0,102,139178.806695
-4.0,92,139184.662928
14.0,107,139324.30117
0.0,97,139619.771772
18.0,66,139660.832858
2.0,81,139706.815432
-1.0,90,139972.638844
19.0,97,140126.088586
23.0,121,140258.47007
4.0,87,140564.788927
-2.0,106,140660.679974
9.0,134,140803.379267
2.0,64,140894.24729
4.0,89,140916.558939
4.0,158,141172.183823
14.0,123,141619.063257
8.0,81,141622.791113
12.0,124,142232.09174
-4.0,111,142441.706611
8.0,115,142676.059084
12.0,61,142787.996091
13.0,70,142954.283865
16.0,170,143838.676284
26.0,76,143880.8719
10.0,75,144118.809363
6.0,189,144337.260526
20.0,91,144366.844155
21.0,106,144751.189434
15.0,93,144755.038986
7.0,113,144962.233975
16.0,76,145178.954376
7.0,110,145365.46655
13.0,108,145806.124773
11.0,121,146006.228714
6.0,121,146239.5045
4.0,147,146426.925209
-6.0,117,146830.447728
9.0,66,146834.031302
10.0,87,146875.686121
6.0,192,147333.559174
8.0,95,147570.156425
13.0,149,148031.484519
11.0,161,148352.944932
-8.0,131,148672.226504
36.0,105,148735.79478
37.0,99,148862.349708
-3.0,139,149653.486675
10.0,182,150116.384921
32.0,172,150514.207726
-6.0,147,151112.887164
5.0,213,151586.682077
-4.0,183,152110.657836
16.0,119,152158.583496
2.0,164,152187.853642
12.0,96,152348.439451
2.0,160,152542.651557
16.0,87,152811.788637
19.0,90,153115.623012
11.0,113,153246.280702
-8.0,145,153568.15021
-6.0,78,153992.234417
8.0,117,154327.658789
9.0,104,154361.924179
6.0,95,154478.871044
7.0,121,154512.930633
34.0,149,155046.290205
2.0,62,155106.218987
1.0,125,155421.336518
12.0,126,155766.487771
0.0,89,155899.942572
27.0,102,155940.920173
8.0,175,156091.872236
2.0,63,156120.123896
22.0,63,156166.388782
-6.0,180,156265.865134
17.0,120,156408.537669
8.0,137,156911.282532
2.0,154,157326.313113
9.0,121,157550.196756
8.0,128,157814.385303
10.0,82,157940.688458
3.0,70,158002.679315
33.0,82,158192.729788
-2.0,115,158620.605238
4.0,195,158990.988827
-2.0,93,159202.422177
9.0,88,159583.680044
14.0,213,159881.56866
8.0,131,160316.179202
-13.0,100,160360.016721
13.0,119,160485.546649
1.0,200,160554.869217
37.0,64,160744.704069
22.0,129,160822.880144
4.0,163,160959.476581
18.0,139,161049.007916
6.0,135,161383.93171
0.0,61,161423.232257
6.0,118,161550.194892
2.0,88,161746.241245
4.0,188,161782.442509
18.0,128,162071.723339
6.0,174,162662.379852
18.0,71,163189.823823
0.0,114,163303.251808
20.0,93,163667.502749
14.0,64,163670.748568
12.0,90,163940.189272
-4.0,138,164160.882061
-2.0,324,165140.736773
-1.0,91,165213.304859
4.0,91,165761.06247
6.0,218,166022.189639
-4.0,151,166200.637044
6.0,123,166482.918472
26.0,158,166621.565109
32.0,83,166698.736025
4.0,91,167126.337839
-2.0,133,167884.20488
3.0,76,167888.698451
20.0,238,168232.399743
8.0,93,168608.020664
2.0,236,168969.926844
-6.0,156,169094.432812
0.0,57,169097.619166
-8.0,114,169167.325658
15.0,148,169315.862441
8.0,102,169531.754638
13.0,135,169772.57979
1.0,139,170174.800535
27.0,82,170204.187464
11.0,115,170321.178162
12.0,157,170598.086643
3.0,297,171097.701734
-3.0,95,171216.852663
2.0,126,171432.362638
16.0,87,171438.830594
-1.0,141,171475.250151
-1.0,170,172052.243374
0.0,198,172196.243807
19.0,122,172708.422308
3.0,134,173000.278254
4.0,169,173610.978611
10.0,175,174268.564596
8.0,123,174313.127174
10.0,414,174765.232375
107.0,9,174793.282397
7.0,149,174920.583793
5.0,109,175031.05315
17.0,159,175099.213621
17.0,82,175102.71453
8.0,160,175518.334305
7.0,96,175812.669772
28.0,190,176476.815904
0.0,88,176502.942597
4.0,201,177012.314523
10.0,136,177427.904147
3.0,79,177479.022105
2.0,253,177853.923905
0.0,117,178226.970925
7.0,96,178526.092494
5.0,152,178898.946996
8.0,141,178993.211269
8.0,122,179143.112209
4.0,265,179503.800001
-7.0,138,179511.985094
13.0,148,179968.11087
19.0,141,180411.016643
4.0,206,180691.391633
17.0,100,180784.679273
6.0,123,181053.502354
8.0,106,181230.52252
7.0,124,181288.155871
24.0,104,181393.183897
19.0,142,181886.001776
10.0,175,182666.755011
7.0,98,182757.002007
14.0,74,182984.73414
-2.0,156,183184.528743
19.0,238,183599.616253
2.0,86,183663.885502
0.0,151,184094.320039
32.0,97,184554.606618
10.0,176,184723.163214
20.0,259,185174.954439
22.0,165,185294.90295
8.0,206,185849.292562
11.0,237,186425.483278
15.0,106,186514.606685
16.0,145,186585.5568
7.0,128,186794.316409
-1.0,122,186901.012021
8.0,165,187401.849844
19.0,224,187807.486333
19.0,125,188191.96681
7.0,92,188297.033794
0.0,104,188406.663306
6.0,164,188930.752042
12.0,137,189103.142602
17.0,101,189167.221796
20.0,201,189649.520548
-1.0,358,190340.625421
30.0,112,190614.288717
6.0,55,190657.00999
19.0,100,190772.989128
22.0,121,191013.531446
0.0,133,191283.222313
13.0,116,191606.73793
1.0,276,192284.308719
17.0,149,192312.542858
12.0,144,192809.09877
26.0,99,192824.672947
-6.0,240,192921.49702
15.0,64,193216.655295
14.0,144,194281.889669
25.0,180,194724.564365
24.0,216,194859.472693
10.0,63,195241.064025
10.0,109,195519.451751
19.0,241,195846.289294
6.0,149,196102.98605
8.0,238,196610.216673
0.0,156,196833.423152
6.0,154,196842.677229
12.0,150,197095.243943
11.0,233,197630.302989
24.0,137,197723.1178
6.0,176,198053.041872
18.0,132,198798.960659
18.0,166,199114.115351
28.0,296,199496.747013
21.0,179,199572.118697
14.0,196,199863.266312
12.0,160,200497.725074
23.0,183,201184.787761
14.0,75,201189.192934
9.0,128,201300.557271
26.0,145,201460.372039
3.0,153,201811.237621
8.0,88,201853.2586
8.0,177,202615.658368
16.0,141,203000.812124
33.0,120,203105.307631
28.0,173,203145.856607
2.0,118,203337.114673
15.0,217,203649.771773
15.0,441,204637.289403
15.0,160,205406.500328
6.0,102,205810.260772
4.0,212,206291.224992
5.0,205,206537.154718
4.0,344,207336.323989
-5.0,103,207404.957335
0.0,106,207713.011907
10.0,96,207888.55196
26.0,159,208183.318144
0.0,245,208917.437637
14.0,397,210034.121135
8.0,85,210089.075691
-6.0,137,210218.42442
22.0,119,210271.347171
8.0,180,210555.341345
17.0,263,211101.853213
9.0,120,211145.073961
18.0,90,211340.012872
2.0,260,211929.811179
7.0,107,211987.604636
8.0,159,212207.498942
12.0,273,212607.877504
8.0,158,213002.300979
12.0,281,213795.636253
-5.0,128,214205.759554
10.0,147,215001.926317
4.0,218,215681.647937
12.0,96,215947.218256
5.0,130,215991.719677
26.0,196,216538.630258
8.0,120,216580.373926
33.0,189,216789.612358
3.0,733,218149.126293
-4.0,165,218403.009791
9.0,215,218679.346845
-5.0,192,218747.142571
4.0,189,219124.154847
167.0,101,219231.97649
19.0,161,219562.091746
2.0,151,219833.085078
20.0,298,220159.889231
3.0,64,220162.935031
6.0,297,220786.486167
8.0,163,220890.769804
12.0,898,222070.733977
5.0,206,222369.703635
12.0,259,222612.797086
35.0,145,222806.945825
11.0,460,223377.023876
15.0,207,223879.600167
14.0,177,224023.313396
4.0,61,224036.510385
11.0,103,224123.61111
8.0,179,224505.18176
11.0,91,224756.844064
35.0,381,224992.663352
51.0,136,225495.426956
13.0,194,225917.630389
8.0,130,226217.20709
0.0,190,226536.582089
7.0,136,226731.756497
13.0,224,227169.114427
0.0,210,227385.508774
4.0,147,227496.643456
18.0,173,227928.540328
6.0,1326,230572.527265
21.0,181,231092.463462
36.0,87,231503.795395
2.0,106,231568.525934
19.0,83,231729.317311
31.0,334,232358.681191
7.0,189,232652.506394
8.0,160,233109.125624
27.0,158,233304.140451
20.0,143,233375.704268
19.0,292,234057.49438
22.0,137,234256.814037
9.0,118,234262.691806
23.0,150,234356.337317
13.0,194,234889.407929
5.0,195,235459.055143
31.0,248,236036.592939
19.0,113,236337.174458
15.0,2000,239963.125079
18.0,124,240380.825382
28.0,93,240621.174195
31.0,103,240624.411391
13.0,202,241095.803661
5.0,337,241632.304568
-2.0,143,241640.094067
30.0,81,241772.330022
2.0,147,241919.224001
2.0,155,242053.657781
7.0,429,243209.853141
12.0,123,243431.156826
10.0,119,243518.724044
15.0,136,243770.246479
8.0,465,244619.591611
6.0,177,244776.464446
30.0,156,244875.65734
4.0,461,246624.946632
30.0,184,246887.352361
24.0,229,247198.515669
2.0,99,247302.227428
4.0,594,248266.53219
35.0,262,248762.762056
20.0,222,248919.986432
18.0,87,248954.635304
11.0,189,249313.86998
2.0,115,249816.231819
28.0,149,250155.155207
3.0,142,250258.927229
13.0,215,250930.427379
15.0,132,251272.464876
24.0,166,251932.67246
22.0,133,252159.922745
18.0,1033,253834.32695
29.0,180,254580.198789
12.0,711,255265.323637
16.0,194,255484.680887
14.0,164,255686.08525
6.0,285,257003.64425
24.0,282,257566.953694
10.0,164,257784.025818
-6.0,303,258169.132248
11.0,248,258370.091329
16.0,276,258617.171654
22.0,253,259143.507843
-4.0,194,259780.777815
18.0,117,259820.170273
-2.0,170,260170.038741
32.0,347,260864.525196
10.0,450,262421.5417
2.0,170,262789.58639
3.0,100,262849.320205
22.0,367,263350.882152
6.0,142,263439.020525
2.0,256,264040.882264
20.0,146,264220.478259
10.0,174,264272.090199
27.0,140,264325.753062
8.0,435,264812.699712
5.0,195,265101.065003
-2.0,91,265405.197237
23.0,99,265531.277224
4.0,159,265762.325787
93.0,273,266437.771569
2.0,319,266732.227566
27.0,128,266890.607097
31.0,518,267387.086101
6.0,88,267452.939642
13.0,118,267548.97479
11.0,226,267717.453739
29.0,141,267906.854359
12.0,515,268838.669469
15.0,755,270760.429268
13.0,235,270993.590153
10.0,75,271159.26787
14.0,60,271482.53137
55.0,185,271726.136297
8.0,159,271797.858623
14.0,161,272043.927429
6.0,244,272794.644856
4.0,313,273489.538274
13.0,106,273646.364734
8.0,261,273958.445633
6.0,306,274755.758239
6.0,432,275244.170861
2.0,342,276161.253885
2.0,350,276742.186621
4.0,142,277023.295804
9.0,250,277479.634201
11.0,186,277635.68471
110.0,73,277741.948504
26.0,292,278052.520546
10.0,172,278165.759803
-6.0,120,278170.005547
19.0,111,278210.826423
19.0,162,278368.79051
14.0,183,278599.328721
-1.0,546,279539.28673
15.0,155,279673.717584
4.0,137,279803.669525
13.0,313,280702.352942
211.0,141,281004.837163
-2.0,2000,285186.213415
8.0,1459,288231.721734
-2.0,117,288273.987633
10.0,137,288477.364317
9.0,165,288621.969211
22.0,213,289019.019205
0.0,249,289402.233838
16.0,89,289552.0454
14.0,90,289627.778128
1.0,757,290730.105457
13.0,140,290881.894892
7.0,306,291485.414174
12.0,244,291846.247832
13.0,211,292916.082096
18.0,211,293483.602553
1.0,157,293566.134149
26.0,285,294250.358397
27.0,113,294319.342248
4.0,172,294593.125859
11.0,365,295147.704546
13.0,195,295438.702733
0.0,332,296610.340906
13.0,206,296929.385365
4.0,151,297251.684572
45.0,249,297405.033519
7.0,157,297595.903301
15.0,114,297604.233252
8.0,441,298315.521282
7.0,138,298710.479624
2.0,164,299077.693391
4.0,276,300141.791926
24.0,257,300764.061008
15.0,237,301503.259125
11.0,122,301639.255983
13.0,160,301992.608439
17.0,163,302019.996006
10.0,424,302529.90111
23.0,401,303123.060194
7.0,117,303128.54293
25.0,390,303750.328672
1.0,118,303993.472142
10.0,433,304683.009928
17.0,203,304803.352567
20.0,187,305145.26581
-2.0,251,305466.533903
10.0,125,306459.974652
10.0,542,307393.942487
11.0,1234,309419.863009
15.0,269,310208.756861
24.0,140,311184.140945
26.0,148,311272.383129
19.0,578,312414.837349
13.0,191,312822.331969
14.0,87,312969.765304
26.0,414,313766.052524
6.0,106,313981.145279
28.0,246,314412.711398
12.0,104,314861.238281
15.0,333,315753.563581
8.0,165,316049.790886
-4.0,249,316538.81764
7.0,301,317028.665136
-6.0,354,317611.134039
9.0,206,318076.188264
34.0,319,318616.02737
4.0,198,318928.651798
9.0,203,319158.414279
11.0,143,319279.970526
3.0,156,319447.983569
13.0,93,319550.580773
17.0,891,320825.688906
10.0,1787,322973.29799
2.0,288,323616.315829
22.0,372,324443.432576
7.0,145,324950.358253
-3.0,172,325660.549772
18.0,280,326042.412306
12.0,172,326366.189263
-5.0,209,326553.129777
9.0,726,327582.844988
10.0,205,328105.021963
-6.0,283,329010.310557
24.0,170,329374.785174
4.0,133,329738.397086
18.0,179,330038.339604
11.0,225,330443.451864
13.0,211,330451.102262
19.0,257,330617.733308
5.0,188,330847.689195
33.0,133,331105.739536
18.0,468,331602.237627
13.0,240,331792.624745
10.0,288,332071.732241
34.0,371,332998.151514
22.0,153,333402.434888
17.0,442,334642.002501
10.0,313,334730.325376
18.0,156,335095.650825
7.0,149,335488.854709
-3.0,193,335886.994063
29.0,236,336244.232547
17.0,117,336578.443216
14.0,301,337196.016168
24.0,183,337534.450351
32.0,150,337655.251812
9.0,110,337879.49539
5.0,234,338158.47554
-4.0,122,338342.243779
20.0,240,338836.221069
16.0,240,339254.770797
15.0,200,339441.594259
-7.0,179,340085.463087
14.0,256,340783.089179
14.0,155,340876.349322
6.0,167,341318.90789
28.0,91,341418.457974
140.0,185,341638.768147
8.0,168,341644.488299
8.0,88,341647.623385
-3.0,425,342235.07623
3.0,130,342412.878129
12.0,233,342677.279058
21.0,236,342778.446256
28.0,164,342848.994215
21.0,149,343083.581049
7.0,2000,346598.666673
21.0,255,347177.468428
20.0,61,347355.101983
16.0,181,348140.419356
2.0,221,348658.993216
21.0,113,349129.13485
17.0,212,349484.825572
13.0,446,350257.776793
13.0,679,351460.029377
16.0,613,352061.53018
-4.0,297,352421.142541
2.0,185,353576.282146
0.0,178,353876.665721
14.0,275,354586.902451
8.0,157,354729.889362
20.0,309,355200.155208
4.0,352,355592.711845
26.0,118,355724.262866
28.0,119,356077.814409
22.0,166,356280.991532
-2.0,313,356770.825652
11.0,200,357005.648303
14.0,282,357128.754933
2.0,183,357133.577012
5.0,243,357488.060768
4.0,431,358150.539208
10.0,204,358378.470361
22.0,276,358907.685872
17.0,2000,363177.167623
2.0,161,363301.100048
12.0,176,363729.211408
8.0,345,364466.648681
-1.0,170,365021.012346
11.0,450,365497.360999
20.0,176,365661.82987
12.0,223,365745.923631
7.0,198,365915.663748
1.0,1625,367992.917287
14.0,567,369057.349432
-6.0,88,369254.883861
0.0,539,370076.2322
245.0,129,370564.025816
29.0,180,370859.040721
12.0,846,371890.160202
4.0,252,372203.834382
15.0,94,372349.195186
14.0,496,374153.202846
15.0,588,374689.991787
40.0,160,374948.110941
11.0,412,375366.299833
16.0,267,375963.993116
19.0,198,376260.643773
10.0,227,376674.907931
16.0,125,376839.384503
11.0,331,377129.034217
15.0,185,377749.208846
3.0,76,377794.831656
5.0,158,377860.762652
18.0,152,377979.36554
13.0,138,378101.000422
15.0,369,378618.69677
16.0,70,379010.229599
14.0,287,379383.68365
1.0,299,380768.895221
8.0,399,381254.4146
-1.0,249,381487.71138
0.0,266,382338.695125
17.0,387,382610.188828
-2.0,219,382992.563837
10.0,318,383383.215916
10.0,160,383611.011155
4.0,516,384520.171801
4.0,178,385018.70501
34.0,364,385892.042034
18.0,943,387546.544942
16.0,273,388021.52096
6.0,425,388648.908343
12.0,215,388950.693322
15.0,268,389573.731765
14.0,285,390331.350955
24.0,562,391712.82763
7.0,2000,397371.082614
0.0,163,397793.009554
2.0,123,398084.799916
27.0,284,398589.595278
14.0,358,399212.019845
23.0,104,399348.13737
59.0,222,399723.17391
2.0,533,400623.489558
8.0,376,401522.156336
29.0,206,401645.051263
19.0,196,402030.836623
19.0,1987,405627.281042
20.0,247,406130.989249
1.0,717,408058.566544
15.0,269,408551.369124
-6.0,225,408853.244405
-6.0,281,409614.038603
120.0,93,409706.895012
16.0,168,409969.830976
16.0,179,410652.249864
8.0,168,410830.858853
12.0,239,411184.659926
26.0,356,411790.612852
7.0,459,412487.028134
27.0,979,414545.448428
25.0,277,414752.911145
189.0,361,415568.915243
10.0,346,415944.359493
12.0,260,416539.175736
27.0,1630,419244.565028
15.0,258,419856.472232
27.0,612,420817.237428
22.0,619,421641.653885
11.0,215,422005.762222
10.0,142,422316.023994
97.0,193,422512.234847
12.0,255,423694.558575
0.0,207,424238.292823
2.0,270,424422.839968
29.0,126,424580.50646
14.0,396,425781.186102
6.0,643,426927.283133
138.0,66,426952.31866
21.0,310,427504.69169
7.0,278,427979.094297
15.0,310,428268.002347
0.0,319,428642.780229
6.0,152,429008.524389
4.0,289,429637.071584
11.0,652,430515.631267
17.0,213,431067.396889
10.0,299,431288.44444
21.0,384,432052.308491
2.0,271,432880.754162
17.0,296,433406.334692
15.0,299,433807.780647
6.0,2000,437844.712989
17.0,206,438398.171983
18.0,226,438846.488196
8.0,260,439327.46587
24.0,144,439641.979405
237.0,317,440379.282
75.0,75,440539.36323
15.0,223,440830.061402
12.0,368,441523.019943
14.0,193,441644.041678
35.0,128,442136.105822
17.0,131,442661.489063
7.0,287,443129.081335
18.0,303,443715.148824
5.0,434,444159.156009
16.0,402,445358.421323
0.0,200,445974.243134
5.0,323,446833.336281
10.0,1350,449234.937643
14.0,244,449604.043563
11.0,360,449780.374171
7.0,588,450647.585014
22.0,1272,453165.526387
14.0,371,453707.113266
12.0,210,454277.23379
7.0,347,455728.526891
7.0,331,456119.364275
6.0,200,456681.458677
9.0,431,457947.859369
30.0,744,460318.10081
2.0,282,461205.711102
19.0,326,461446.914284
6.0,96,461487.319949
22.0,179,461797.905943
4.0,410,462187.638608
0.0,349,463489.278891
5.0,1057,465749.490589
6.0,519,466386.435421
4.0,208,466646.255151
2.0,192,466834.09198
20.0,642,468377.311512
5.0,262,468778.858964
5.0,132,469108.691871
12.0,520,470116.993535
19.0,152,470358.507116
7.0,220,471059.182343
4.0,510,472068.935937
10.0,364,472758.350781
7.0,374,473844.084063
15.0,225,474048.67972
5.0,779,475079.664722
8.0,179,475107.270487
0.0,787,477083.167956
14.0,318,478055.733961
11.0,290,478386.198787
8.0,246,478634.141463
10.0,185,479043.667706
9.0,105,479132.331421
10.0,216,479215.758766
13.0,129,479463.265764
1.0,192,479906.58408
4.0,502,480537.162001
47.0,92,480615.531957
4.0,445,481034.022726
5.0,215,481694.702986
-2.0,33,481732.855712
151.0,465,482457.546107
22.0,426,483135.221603
34.0,395,484560.867772
28.0,2000,488079.536235
12.0,253,488540.580247
13.0,422,489036.920308
13.0,122,489222.925387
10.0,1086,490878.674649
4.0,306,491212.775873
4.0,598,491631.931055
5.0,252,492310.597787
22.0,80,492375.637403
13.0,407,493245.467748
3.0,402,494004.794446
16.0,152,494595.506615
11.0,259,495586.228147
18.0,252,496115.831832
0.0,208,496348.009023
16.0,240,496617.189619
8.0,470,496960.51663
-2.0,429,498108.794042
15.0,282,498341.534332
38.0,228,498445.867557
25.0,138,498498.048669
11.0,180,498536.443238
1.0,558,499600.444051
5.0,159,499782.595984
19.0,166,500096.869752
14.0,164,500155.398653
2.0,292,500431.447001
18.0,275,501284.587254
5.0,458,501823.789052
13.0,451,502386.369162
9.0,361,502818.702122
13.0,280,503630.544773
5.0,376,504985.283239
10.0,120,505487.797153
16.0,84,505804.547626
14.0,294,506448.315384
19.0,214,506675.201041
34.0,836,508217.462758
9.0,507,509197.077305
12.0,268,509556.881434
5.0,189,509895.694946
18.0,568,510718.189721
-2.0,1116,512358.542896
-3.0,1446,514733.823098
8.0,378,515645.377173
-2.0,154,516658.051605
16.0,303,517843.888057
24.0,243,518081.803206
32.0,433,518812.025862
10.0,1029,520769.008093
6.0,342,521966.243197
25.0,228,522375.666328
5.0,586,522954.584456
7.0,192,522999.702658
6.0,744,524639.7685
11.0,183,524678.600268
4.0,295,525037.691621
10.0,781,526005.498061
10.0,911,528234.218124
19.0,824,529161.437404
12.0,507,530161.145602
0.0,535,530582.677423
17.0,484,531424.201869
8.0,380,531865.942878
6.0,794,533478.938095
2.0,698,534075.564351
-1.0,1044,535289.741268
20.0,687,537124.280984
7.0,67,537158.839034
-4.0,1712,541101.6294
24.0,396,541473.187782
13.0,208,542420.796467
2.0,801,544204.717637
0.0,158,544532.307662
16.0,1114,548038.169348
16.0,298,548546.381773
9.0,493,548975.967317
4.0,285,549103.900777
26.0,279,549635.254973
7.0,392,550516.649693
28.0,477,551507.337562
11.0,327,552174.776297
9.0,1611,555732.241618
13.0,755,556651.397533
14.0,240,557018.938724
30.0,377,558114.372854
5.0,438,558938.03545
20.0,259,559517.475102
8.0,430,560421.919189
17.0,412,560920.828135
14.0,145,561142.423211
17.0,149,561702.289418
12.0,414,562357.790596
2.0,372,562590.091313
7.0,322,563131.56025
11.0,796,564310.897437
0.0,487,565423.824703
0.0,346,565666.432119
21.0,130,565954.796566
20.0,122,565996.554871
55.0,479,566357.589422
27.0,210,566455.172266
17.0,234,566676.421099
8.0,371,567626.835753
2.0,629,569305.843977
29.0,338,570028.105113
32.0,151,570130.078247
16.0,541,570829.015018
10.0,324,571260.954004
4.0,61,571319.497283
11.0,295,571652.433829
0.0,682,573597.284083
15.0,722,575373.512687
12.0,306,575786.065868
17.0,1177,577238.849646
63.0,520,577612.741179
14.0,311,578346.459837
22.0,193,578585.541763
11.0,321,579048.804278
20.0,410,579803.117321
0.0,253,580134.28546
14.0,595,582200.85994
23.0,269,583058.672327
5.0,366,583607.722185
14.0,44,583810.17442
7.0,138,584091.023501
8.0,288,584600.182804
10.0,127,585099.867492
9.0,292,585471.343075
18.0,559,585975.335572
-1.0,322,586447.247932
24.0,327,587311.741721
11.0,302,588084.058099
-4.0,787,591166.737228
43.0,1099,592419.524694
11.0,468,593446.720734
5.0,332,593950.666419
16.0,346,595029.010388
22.0,538,595798.295188
32.0,283,596176.867277
20.0,381,596980.16088
8.0,263,597217.179543
13.0,297,597842.378661
25.0,417,598480.16252
18.0,395,599429.031836
13.0,156,599617.727939
-1.0,828,601103.339915
20.0,742,603408.824135
8.0,554,604809.281924
8.0,688,606225.155846
21.0,491,607196.682594
21.0,559,608325.533231
17.0,258,608538.291261
21.0,199,608683.024086
14.0,189,608907.351501
19.0,361,609332.056574
0.0,233,609796.747722
16.0,408,610438.816142
40.0,854,613508.79598
15.0,180,614064.630074
18.0,336,614676.070756
0.0,554,615746.691493
20.0,408,616614.795846
11.0,1185,618875.821057
8.0,429,619760.352209
7.0,347,620923.830535
20.0,371,621284.795249
3.0,813,622727.859587
4.0,386,623531.318786
10.0,532,624363.440982
3.0,1024,626829.236742
12.0,475,627798.118746
14.0,362,628471.382769
6.0,246,628915.73613
11.0,2000,631186.134995
61.0,712,632407.055372
-6.0,1307,634903.323478
5.0,215,635071.213828
12.0,189,635332.34294
15.0,424,635662.740936
19.0,184,636067.902999
77.0,77,636186.713565
10.0,712,637379.582396
23.0,292,638006.512654
10.0,486,638776.507912
4.0,457,639157.189559
5.0,340,639854.123997
4.0,403,640243.710969
18.0,2000,644419.995674
9.0,693,645745.479581
23.0,247,646194.490263
26.0,312,646640.242665
27.0,663,647295.07399
18.0,272,647833.886023
12.0,234,648242.099122
172.0,77,648359.827134
38.0,144,648624.532078
20.0,191,648883.348536
17.0,179,648950.288669
14.0,1233,649890.592721
22.0,304,650700.316434
14.0,393,651365.10745
7.0,249,651910.670764
10.0,949,653132.950205
27.0,314,653644.770721
13.0,379,654298.798981
-2.0,1438,657012.714739
2.0,525,657931.551186
50.0,404,658259.68223
12.0,1011,659788.296766
7.0,235,660361.224922
6.0,2000,662603.420382
6.0,651,663779.384041
2.0,224,664358.635271
23.0,266,664541.256772
17.0,382,664832.657424
39.0,231,665085.332604
17.0,398,665973.86919
27.0,250,666540.600847
23.0,426,667137.201653
8.0,574,668321.26383
4.0,579,668703.020587
8.0,901,669678.517452
28.0,120,669799.208776
34.0,755,670549.564091
0.0,708,671753.251951
2.0,197,671935.832651
11.0,210,672190.018188
14.0,546,673168.286348
53.0,67,673281.142999
2.0,116,673470.576139
22.0,720,674517.329887
10.0,672,675196.21823
12.0,301,675314.396586
13.0,1360,677708.04453
40.0,227,677928.970056
117.0,417,678587.106614
25.0,751,679739.935813
1.0,1902,682234.857504
28.0,992,683794.388386
11.0,632,684180.05715
22.0,478,685083.959994
8.0,344,685589.595583
22.0,244,686056.140175
12.0,222,686509.811889
4.0,208,686727.601257
28.0,499,687083.602966
10.0,960,689532.962292
18.0,755,690416.861961
24.0,221,691191.375312
4.0,357,691607.650024
13.0,322,691836.024507
-4.0,2000,694746.295075
16.0,601,695469.131553
0.0,438,696212.904148
21.0,410,697032.738031
25.0,229,697157.81334
9.0,254,698180.607555
22.0,669,699352.106915
2.0,533,700073.260044
27.0,378,700611.902859
4.0,637,701844.092032
2.0,381,702534.131408
7.0,198,703257.264769
3.0,381,703798.765221
25.0,243,704055.417826
14.0,603,704770.194797
11.0,394,705433.178028
19.0,107,705817.87045
27.0,345,706832.90929
19.0,299,707507.77219
14.0,516,708523.060581
13.0,396,709497.569022
45.0,555,710320.555965
4.0,707,712223.229101
11.0,173,712433.780299
8.0,485,713059.768757
4.0,487,713780.370261
18.0,2000,716756.166842
32.0,822,718134.205455
9.0,236,718575.607617
40.0,310,718935.062029
6.0,137,719314.335159
12.0,936,720978.920516
11.0,354,722096.312938
6.0,585,723967.621898
6.0,457,724546.435504
14.0,434,725657.972551
24.0,218,725961.914407
0.0,2000,730274.02584
5.0,793,731276.586501
31.0,224,731556.097156
-7.0,478,733052.817605
13.0,282,733325.246435
-8.0,257,734521.221431
4.0,1289,736796.319241
-3.0,456,737635.239686
5.0,222,738050.884173
22.0,2000,740792.830633
10.0,167,741044.572738
18.0,1253,742268.067454
23.0,142,742668.850772
4.0,1756,745575.838635
158.0,1326,748302.589891
20.0,144,748413.52035
0.0,91,748521.62632
11.0,460,748962.152747
53.0,108,749220.836477
14.0,388,750157.425447
0.0,522,751440.712751
16.0,859,752684.656791
22.0,256,752864.201055
26.0,175,753094.791244
0.0,408,753658.975631
11.0,569,754597.116096
14.0,101,754631.121555
18.0,356,754913.702161
18.0,290,755150.24623
8.0,168,755591.679848
12.0,250,755853.647505
0.0,180,755981.91957
17.0,643,757421.709586
22.0,241,758052.991924
-2.0,578,758867.256724
-4.0,266,759414.831444
18.0,698,760371.289369
4.0,219,760777.106558
11.0,442,761743.564173
1.0,312,762171.3413
12.0,247,762604.04638
23.0,199,762867.287481
41.0,306,763367.167687
2.0,262,763789.427185
10.0,246,764569.198786
19.0,217,764731.269614
31.0,232,765311.705177
24.0,225,765894.191121
8.0,238,766214.341408
11.0,319,767337.524519
12.0,1526,769932.89147
9.0,491,770268.064775
24.0,230,770732.129148
18.0,363,771108.090484
4.0,1414,773178.822168
12.0,354,773540.899175
24.0,235,773875.44731
8.0,2000,776449.506668
15.0,374,776959.136122
22.0,232,777668.338513
17.0,329,778103.06803
12.0,547,779022.19616
0.0,595,779894.523715
1.0,367,780509.625019
6.0,232,780624.738766
26.0,821,782187.138804
0.0,389,783128.834005
27.0,256,783349.270167
28.0,296,783847.259322
0.0,188,783950.702691
21.0,279,784164.468473
0.0,224,784412.439156
2.0,95,784459.227969
18.0,227,784774.519901
22.0,880,786079.122693
63.0,447,786282.21542
11.0,351,786477.081599
9.0,804,787567.184632
15.0,582,788944.963185
12.0,66,788947.207388
-2.0,455,789615.162207
8.0,116,789714.421108
18.0,307,789998.690977
6.0,473,790589.782094
4.0,466,791865.351046
0.0,182,792315.639612
19.0,389,793001.745908
11.0,405,793601.620926
4.0,361,793810.052148
16.0,309,794031.329775
26.0,235,794078.733122
19.0,315,794532.326897
7.0,302,794718.529423
18.0,233,795093.202404
8.0,319,795533.647935
9.0,200,795742.741601
3.0,68,795787.606416
9.0,87,795840.532872
1.0,248,796078.391789
7.0,610,796880.669852
18.0,816,799039.608388
14.0,318,799631.24405
-4.0,517,800299.494109
11.0,146,800627.897403
7.0,639,801643.753581
5.0,525,802303.520781
15.0,258,803012.82509
2.0,500,803846.451604
0.0,718,804854.894227
14.0,471,805691.088702
23.0,673,806804.466994
4.0,496,807858.08275
191.0,94,808087.238847
22.0,366,808741.09054
12.0,198,809193.044846
18.0,144,809311.47888
22.0,239,809550.236963
27.0,201,809634.107545
23.0,272,809789.55755
10.0,141,809794.996934
17.0,54,809908.736959
15.0,181,810501.404229
4.0,533,811504.669549
9.0,463,813023.284377
13.0,399,813849.597556
0.0,444,814551.525178
19.0,1134,816545.886626
16.0,696,817859.10228
21.0,245,818296.387624
4.0,202,818806.609015
6.0,526,819117.315732
18.0,220,819206.822337
0.0,596,820263.467952
0.0,197,820479.529557
0.0,434,821197.635972
15.0,380,822064.486651
5.0,223,822540.104198
22.0,742,824231.477411
4.0,290,825067.26592
20.0,702,826667.197464
26.0,899,828005.574945
12.0,512,828690.831602
19.0,267,829054.992933
-6.0,238,829733.090186
14.0,2000,832486.967953
3.0,217,832986.867851
23.0,202,833399.939106
13.0,403,833938.838824
12.0,340,834513.871626
21.0,92,834873.574742
2.0,486,836122.76301
2.0,839,838179.301026
17.0,212,838358.611945
20.0,301,838657.127596
6.0,1389,841439.851368
12.0,551,842368.180074
5.0,800,843713.846413
17.0,542,844722.465932
16.0,629,845714.468983
29.0,273,845994.581803
9.0,1436,848822.01427
14.0,260,849185.078932
10.0,176,849795.218505
10.0,464,850379.077748
10.0,853,851660.163342
4.0,498,853219.137094
5.0,327,853720.16687
-3.0,350,853947.556465
6.0,1112,855192.364274
8.0,316,855733.6292
26.0,234,856249.406517
6.0,378,857066.48389
52.0,1605,860311.84279
4.0,231,860439.4967
8.0,508,861028.040098
13.0,249,861367.490445
2.0,62,861383.006121
27.0,496,862449.971157
21.0,285,862630.092528
5.0,1054,864190.206643
28.0,249,864573.116046
10.0,748,865749.956061
31.0,183,865832.595189
4.0,261,866217.030344
10.0,123,866283.34622
129.0,684,867286.986053
11.0,934,868392.542202
10.0,133,868681.137676
20.0,207,868793.260077
34.0,446,869669.721153
0.0,626,871594.671803
7.0,468,872418.054796
8.0,129,872725.061606
19.0,256,873003.66523
2.0,175,873174.32453
10.0,310,873754.796824
4.0,188,873979.762944
0.0,502,874799.491726
34.0,159,875079.31505
8.0,457,875847.692416
12.0,116,876211.393212
6.0,199,876411.085361
20.0,341,876836.538012
-2.0,159,876963.295684
39.0,472,878103.611599
34.0,160,878472.313841
10.0,449,879135.064634
6.0,332,880024.07039
15.0,268,880328.644895
22.0,283,880631.889442
4.0,225,880774.506935
36.0,292,881718.750145
14.0,129,881856.410492
10.0,163,881886.060338
3.0,192,882052.713533
5.0,54,882161.284018
17.0,494,883233.952373
6.0,446,883958.649754
4.0,312,884454.279539
16.0,306,885210.305018
17.0,598,886794.243186
14.0,67,886886.761128
34.0,128,887050.995591
8.0,961,887981.756755
5.0,414,888995.537677
57.0,102,889366.750273
6.0,1137,891626.330288
27.0,209,892006.886103
5.0,574,893451.208529
23.0,91,893695.922406
25.0,1104,896090.317759
23.0,1240,899326.350695
29.0,502,900886.30311
6.0,588,903187.555396
58.0,248,903470.288021
31.0,165,904322.968928
-10.0,573,905136.747147
9.0,1848,907980.191385
10.0,1433,910221.958251
11.0,254,911303.140254
-2.0,243,911712.129457
118.0,140,912372.094505
13.0,288,912525.643598
2.0,865,913570.915882
50.0,397,914090.494351
4.0,361,915265.445601
11.0,669,916687.096254
3.0,1310,920446.461495
13.0,630,921839.723584
11.0,1461,923914.692259
206.0,329,924858.071394
11.0,299,925324.804205
18.0,405,925779.418287
53.0,400,926418.148165
24.0,104,926625.941185
8.0,224,927610.088923
1.0,200,927933.128259
-2.0,342,928159.275099
0.0,723,929269.255255
10.0,202,929590.678298
19.0,323,930302.289378
2.0,589,931346.214423
22.0,239,931486.930719
25.0,2000,935251.869617
-2.0,318,935487.839714
10.0,707,936339.419721
170.0,132,936567.993309
0.0,216,936691.908461
18.0,608,937866.130341
23.0,2000,941002.762131
-2.0,532,941862.998331
140.0,251,942248.770721
58.0,233,942406.672404
11.0,965,943482.456128
34.0,257,943654.306577
16.0,394,944323.287174
-6.0,541,945383.122729
14.0,247,945775.064264
33.0,216,945835.561829
19.0,82,946428.363417
126.0,214,946561.233174
10.0,385,946765.500162
17.0,2000,949844.253635
20.0,627,950144.685818
44.0,507,950944.019675
22.0,521,951840.817481
7.0,313,952500.516652
-8.0,672,953487.678535
12.0,724,954609.519736
43.0,148,955292.423557
20.0,150,955611.207552
8.0,1729,957691.166161
8.0,1194,959367.468004
26.0,600,959884.436368
18.0,167,960041.802015
12.0,173,960240.465825
14.0,125,960832.919561
161.0,1080,962422.602173
23.0,713,963496.75475
0.0,447,964544.768953
91.0,215,964754.248688
0.0,134,964945.188825
3.0,1279,966867.764381
17.0,544,968454.995263
16.0,504,969253.045153
13.0,602,970032.569411
-2.0,579,971838.148597
123.0,272,972024.970739
-6.0,397,972380.74826
19.0,131,972483.981403
34.0,310,973105.195058
8.0,1460,975153.007262
19.0,322,975742.746367
7.0,299,975996.104012
32.0,232,976324.936903
18.0,273,976718.484571
4.0,238,976968.845666
6.0,765,978213.349884
115.0,35,978343.790763
17.0,311,978930.099872
19.0,769,980128.182771
1.0,169,980131.973743
4.0,1438,982742.48738
23.0,538,983856.109895
6.0,2000,987768.717301
4.0,502,988482.999998
21.0,163,988556.23649
21.0,665,989957.489662
6.0,2000,993317.35042
-7.0,182,993760.186987
11.0,39,993806.258137
12.0,311,994268.972189
10.0,518,995511.939463
14.0,759,996637.996611
17.0,403,997677.189392
15.0,335,997979.367369
14.0,305,998070.357745
19.0,199,998157.220248
17.0,377,999279.957439
27.0,734,999656.323667
11.0,964,1000871.25134
29.0,1102,1003855.861182
8.0,331,1004268.771262
13.0,239,1004690.985099
22.0,825,1005848.149983
41.0,745,1006980.987796
7.0,318,1007663.863721
17.0,487,1008456.299544
3.0,880,1009862.105713
19.0,158,1009896.112667
18.0,477,1010605.280314
10.0,493,1011485.39961
-4.0,1032,1013416.59664
36.0,149,1013634.9244
193.0,178,1013881.712062
4.0,533,1014667.59616
20.0,807,1015838.604443
14.0,540,1016314.798872
9.0,503,1017104.593356
27.0,252,1017329.743495
22.0,328,1017999.55748
12.0,1049,1020068.267426
6.0,772,1021559.648071
17.0,709,1022484.366324
17.0,590,1023072.259254
7.0,969,1024326.8976
14.0,141,1024525.795147
33.0,492,1025256.327167
38.0,236,1025770.997407
-8.0,2000,1027786.842416
-1.0,564,1028798.777452
17.0,164,1029123.26375
12.0,288,1029481.434139
6.0,213,1030133.500462
-2.0,275,1030145.085216
18.0,645,1030619.679188
8.0,414,1031150.839415
10.0,656,1032081.731929
-2.0,2000,1034394.979613
8.0,2000,1036634.712419
14.0,426,1038005.095319
8.0,2000,1040839.837792
29.0,424,1041701.477853
25.0,2000,1044473.309373
23.0,884,1045921.028461
8.0,918,1048088.66049
4.0,2000,1051595.706887
20.0,436,1052318.219163
-6.0,537,1053395.348999
6.0,814,1054571.494292
20.0,194,1054859.330445
3.0,499,1055585.280577
16.0,481,1056021.010273
17.0,360,1056482.366266
25.0,499,1057319.916767
29.0,248,1058161.700586
14.0,356,1058771.242541
24.0,471,1059143.441177
19.0,276,1059438.950231
23.0,73,1059489.360466
23.0,342,1059564.90763
-2.0,681,1060454.805407
17.0,379,1061547.784552
33.0,400,1062315.71817
0.0,374,1062622.369872
25.0,1088,1064516.064509
70.0,267,1064961.540577
29.0,670,1066509.18059
26.0,1654,1070680.654858
3.0,301,1071535.239232
17.0,250,1071719.494038
35.0,302,1072396.971179
45.0,1227,1073350.584702
17.0,290,1073773.073972
24.0,1492,1076110.349446
34.0,348,1076859.345546
2.0,496,1077756.394273
27.0,2000,1081548.106319
30.0,1965,1086037.654188
24.0,531,1086957.526714
4.0,53,1086959.64666
31.0,303,1087474.178584
18.0,441,1087779.420162
-10.0,967,1089315.07636
-10.0,355,1090121.01362
29.0,282,1090769.682215
10.0,907,1092034.941041
37.0,130,1092264.595927
6.0,787,1093897.212148
10.0,535,1094996.481045
12.0,604,1096262.815438
11.0,355,1097062.892396
21.0,460,1097752.066262
12.0,372,1098338.653148
21.0,328,1098963.746602
-2.0,631,1100514.818067
23.0,517,1101507.058435
4.0,886,1102593.757386
18.0,279,1103000.083079
26.0,340,1103270.220188
24.0,779,1105126.219527
